2 202
2 225
2 240
2 256
2 390
2 395
3 50
3 51
3 445
4 27
4 28
4 206
4 213
4 214
4 244
4 246
4 640
4 654
4 662
4 690
4 779
4 834
4 843
4 853
4 858
5 22
5 41
5 103
5 128
5 133
5 166
5 171
5 229
5 237
5 327
5 328
5 991
5 994
5 1030
5 1031
5 1050
5 1059
5 1078
5 1081
5 1134
5 1189
6 5
6 13
6 35
6 103
6 106
6 179
6 184
7 2
7 85
7 86
14 574
14 592
14 640
16 142
16 203
16 214
16 239
16 240
16 241
16 242
16 243
16 280
16 444
16 549
16 558
16 561
16 571
16 575
16 632
16 662
16 704
16 744
16 747
16 772
16 779
16 836
16 848
16 873
16 879
16 895
16 903
16 929
16 946
16 953
16 954
17 103
17 110
17 121
17 122
17 123
19 86
19 152
19 182
19 206
19 207
19 252
19 288
19 290
21 87
22 1
22 48
22 55
22 59
22 85
22 217
22 225
22 290
22 309
22 383
22 384
22 404
22 419
22 439
22 491
